080200400570000100002300000820090005000715000700020041000006700003000018007009050
210950004090060037000700000000000308920000015805000000000002000680010040100047096
024000650100000007008010900000000000260090083080501070600903008002854700000070000
000050000000206000064000390045000810000020000000107000053000980090804060100030004
108500406000070900530004007001060008090408070800050600700100069006080000904006205
970306042805000109000050000207000304010020080400738001000905000000000000100847003
040000000086100034001500260000305840000040000058902000095008300160009450000000010
045900000000710205020003009008301026010000050360805100200100030801057000000009510
900801005000607000870000069490000057080000020000375000040000070008060900109000603
060050030000306000007000400030000060014020790700000001000000000900147005051609870
103600400590001008000200000809020000207080905000070204000002000600800039005003802
500000001020600700780005000904001008000908000200500904000300017009006050600000002
600040001030008700009700000003096000906000103000120500000002400002400080400010002
200010007000207000050000020005020400001549200300708001070804030000000000630000085
200040003600239008000000000029000530850000016006102900070805060900703001000010000
780000021960050084000000000300609008097080130100030006030806010006201900000000000
024009030000600974000080020001040000207050809000060700070090000539006000080100290
030000200001970603540002080002000090010090030060000800070800029205039100006000050
030000080000791000005000700004080500001204300200305008002508600000000000503010809
090000006006890000203706090100020000054908320000070004020607809000035600300000050
013090460800000005000040000200000001970010043060705090089403710000000000000678000
490001300060009008007380090080000700036070520002000010010047900800600030009100087
000000000305904601040010030200000007007163400000207000020801070806000302009000100
300006085970028030005000900790802000010000090000109048007000600050360072640200009
040000590890500062305002800000001040006090700030600000004700106680004057073000080
004009300010030050800700009006800020005000700020007900200004007040050060001200500
200900000800503000054706002008000009097000420100000300300105890000802003000007005
040137020007809400800040005090703050630000047051000890100070009000080000000906000
600185009000000000590000087800000003000704000054020910080203090460000031007040500
000000900020041060609005400014507000050080020000106540001600203060750080002000000
207060008006007300040020017020103000603040501000609030530080060009200100400090803
031020960000060000600301004960000083000000000000953000405000609080204030020506040
300050007010702090000080000908305102032000640005000300090507030700000006000206000
000600907000000300704300200040507600060080010001406020003002806006000000102008000
000102600000050290900006003300600900100030008007008005400500002026040000005203000
900050003000697000000000000007805100020709050300000004200000009006000400409103608
001000400509030108600801002320000085400506007000000000800403001040000050900010004
900160200000009508001050906000687002000020000200391000506070800809500000007018004
000000000940301076800020003009706300081000960200000004000509000090040010005000400
084520000000007000306908000200600800065000740008005002000106508000200000000089230
600704005000000000900268001020000090004030200007000600060040050000020000300906004
306028010100300000040001060800000000200867003000000005030100070000002004050670208
700003801050087090800000000140802000070090010000105029000000006080710040605200007
009603004010700080400080003000000641005000200164000000600010002050002060300407500
300000020064500000000901604010007300700000001005800090501603000000002810080000002
000002708700004903020800100000080096000050000830040000003006010906400007502300000
060040030070090080001000500006102800100000002080304060700000006019060370000010000
100500009054007010000040070070010004003829700600050030020070000030400160500003007
000800000102040080006200307200160000309000102000029004605002900090050203000004000
009001300852030070300007000040920003090000040100074020000700002030050498004300700
200000056800000000040620000502480000100000005000095308000046070000000003470000001
910600803080003076300000000090030001000507000600040030000000007570300040203006018
012000000503000006060041020900000070050824090030000008090570040100000903000000580
000000009014500060706400000000005040609308107070600000000007508080004320100000000
010084092004000800503000000000090050000706000070030000000000109008000700190370080
000620030082005090530000060007098000100000003000140900050000019070200640010079000
000403100370090000600070009000000415009000700842000000100050002000060081006201000
200090004040608020009407100010030050090060010605000908054000690000203000000000000
000802300400000050007000129090405001001000500600903040534000700010000002002304000
080000700030670048605000200000080070040509080050020000008000401760094020001000090
003108500060000020000020000630000054082000960005000300906734102800050009000906000
003000100208050903060000050700000005006301400380000019000030000030907080609020501
800060004071000650060080070000509000003000700056000410200806001009000200000192000
302109508000803000000020000007406200400000009000985000030000050078000120009502800
004000900090000030201000507800000004002641700007000100040508070003207600700000001
000620941080400000400057000027000003004000500300000270000590007000004060976082000
050600200002800003700015090006000017005000900320000400040920006100006500007008040
098006000500070108001300040049000050000090000030000920010007400902010005000600280
000400605006090030014080000240900703000000000907006024000040350060010800405002000
090000040500206003000070000002307600700000002064010730900000007001708300400020001
010030087806005040070100603002300000000050000000009400705001030060200705120040090
064020080001060000900700001000600009300401007100002000200006004000010700080050610
038401270040030060000000000005080400290000038480090051070000080020050040000749000
009005010003004005050100608000807200000000000001302000107003080200600900080500400
080926004509008000000000003006010000070409080000080100600000000000200601900361070
900080000034050000008600005007039006010000040200460800600008400000070130000010009
400709003070305060020010070010834050000000000600000008500080001038106520100503007
039000510000010000006907200400000002000000000057801430000604000310000067090000020
800000007090072300003005000010000004509748201300000050000200100006180070900000005
003000400000080000006712500400000001300000006062000940790204085020108070000070000
000000460000670809026080003085097000000030000000860210900040380803019000047000000
390800041106000002000120070000040705003795400507080000030018000900000803820003057
009006070802901000000003052638000010000000000040000386520300000000502608080100700
400000006005368100170000053000634000000000000060597040000000000029010460010405080
000008906060000000980004572009001730500070009043900100876100093000000060304600000
048070120000602000000090000000040000309000402060000070001709300400503007530060019
709020000030906000200040003170000500090705080006000024900070002000201090000050406
500070003000000700012049500008907000105000908000102600004510390001000000600090005
060495020000020000000603000600907008050080030008060500500000007107802405030000010
004000390120000000003042806000053089000201000310860000701620900000000038045000200
400000008090030040806201507005000700000305000200080009000070000024000170508000902
900070008000109000000080000000207000830000057700608009095000170417000893002000500
000307000310000074000429000030000010901605302000090000003000200400000006600258001
800006407000900000200083000103208060006050800090607203000430001000002000604100002
300800005020900040006014300009000083002000500530000400007340600060009070100007009
000045020700190000040000900004320600093000780006071400008000040000017009030460000
000407000052000800100080030306190070007000900010058306070040009005000160000906000
200006000307050000000709050073060080800000006090080570040308000000070803000100002
290005006008001309016009720362000000000060000000000962075100240601800500900500081
600020009004908700200000003016802370400107008000050000020000040008000900109304507
400300058250400310080100000000000673000060000764000000000004080013005064840001005
000080060860500400004000705008700000009801200000003100902000600007006052030070000
003102600000400018000060002000600021200070006390001000700090000530004000001307400
050010002000402100009300400806000003100000008700000209008003700002501000900060020
050000200403000006006005001030006090007020500010800060500600400900000603004000010
001573090900800000000091007604000073708000501390000602400360000000002004030149700
005000800400000001710000053000000000000264000300805006008010400520407019100506008
000002043008004200200607090007300060040090030050008400010809004009400700460200000
000701060840000070007040300300904007001080600400607001008030200060000084020805000
010028073080007000000000800000003190090040050032800000009000000000500020670180030
300206007090407080001508900000709000030000060020000090900000002150060073004050600
006947100030000090001000700000020000070050030302000408000504000169000584003010900
041000000060500041000091006009702080007000900030908600800270000390004050000000860
000974000017000840000000000203107904000235000000000000700306001640010082030050070
090407060507000908000903000300040005700208004080000020065000730000030000140000056
095000810010306050030000020000892000000145000002000500000000000003020700079000460
090507030800306002000010000000050000004000300020603080003000900002408100501000806
420076000800009020001020060060000500910000043003000080080090300050400009000560078
603007000000910060018200000701000500530000047004000906000001350020089000000300608
020601040009000800001278300004020600700000002000435000200000009007060200400000008
080200040620000093009060200000103007003000400100807000008090500960000028040002030
000400070300001200057068300086000002003040700900000140001670820002800001030005000
004895100000070000800000003450000012007000800090020040000702000700503009600000001
000050080470300050000471000001000530906000804048000700000265000090003028060090000
000010650005007000090084000903000040040000090080000102000670080000200300076030000
060004900040260017700900000600040350090302070053080001000001005510026030006500080
050801060000040000003902400005000300410607092030000070040000080002406100000090000
003000700010070080000304000208000601000506000090203070000000000040090050906000102
400009000600010004085000960000430008007050300500092000012000650700020001000600002
008000500020805090000106000705000203060070080000903000510307028002050300030000010
050016000010002095008400700560000100300070004009000053006004200290800040000260080
000090001005000060140280300009870020700000003030029100003067015050000600900030000
003000090580700030020800000000547008004000200800912000000003010060005084070000300
809401607007096500062000010005304000000050000000608700090000170001740300706103905
080060070200405009000803000600000008390248017000906000002090100006000400900000003
000800500085300020900007010003060085000905000650070400010700003070009650004003000
020000760000200103000816000874003900000000000009100857000345000903002000065000020
000435000200701003006208100001020700700000004050000010010000020072050430800302005
006001400090580000102074000000000013403000908610000000000320804000018050005600200
007000090400000180000205470500062700000030000006950008085301000091000007030000500
000005010000603008000000540080700090309504801060008050034000000600401000050900000
020000060050901070001000400190804025000030000047000310008000700000040000010702080
070003000020400875040180000900030520003902700086070003000061090162009050000300060
053000640060708030100050002000060000700000004030804070006010700000609000005080100
601050004030940260000000000000503607500020008307406000000000000089065070100030502
500090003070060020039752680003000200200000004040000060000010000804605302007000900
010000000200060704000071230700000640009050100051000008073410000804090001000000060
004005000010900340080002009705080020000203000090050801300500090076009010000300700
020003000001985002000040060780000020043000670090000045010030000300496200000700090
002007000860529000100006020000000159200000004619000000050100008000645013000700400
000060043013000600706400000005620001000705000600094500000002907002000360390010000
600057039278090050000400070500000700360000091002000005020005000050040916480610007
000805476804000000020600000001007004300000005700900100000003020000000801278104000
620010075001605400000307000080000040700000006003050900200060001004000800000201000
006030000000810600070400003000060240460705089092040000500001090007082000000090800
002014000000307000004600201490000320200030008078000015806009700000206000000850100
700040001604000908003000600000219000500000009030000060100806004008705200070000050
000020000008501600000406000080060090200070005000802000120090086040000070509000203
240093000700000000003500010008007051100305006960800700010009300000000005000150064
900400006001026300040000020010060005030704090500010030020000040004190700700003002
000965000003104600090000010080307050100000004009010200008000500700090002000248000
060040210000600004005000600400008790009000500021900006007000300800003000093010040
020008600005006007900700010610907500000080000009405061030002008200500100001800030
000000000706308905004675800097030650058902710000000000009000100000103000010060080
400128005050004080001900400740000609200000007109000024004007100080600040300492008
100060003038509410000000000000000000400901007065000390200000004570000086000408000
000275008080000040200008009000000870600507003097000000300600005010000090500893000
080020070000000000706105403900302006400070001013050290040000060200408005000030000
800000006050000030001402700406030201010000060070010090080601070000308000700905002
700501008030070050020968030000315000900000003001020600009050400070000080410000097
058000970030209060010030020000857000040901030001000700000070000023000510400010002
010004600000000109006070800960020000100000003000050026008010500701000000004900060
000000000040901020900352001003070400170000096805000207010407050000283000000000000
700020008000504000002000700070108090205000601400000007009000800160090035000356000
306090000010500000050760090900100430062000780037009006020048010000007020000010603
004500070720006040009000203030080002000205000200010080402000800010900025050001900
000218000420090015000000000632000184900060002050802060305000408001924500000000000
300540070006270010400000000060300500200090003004002090000000002070025400090086001
004700300003000987000900001060594000090000060000326090700009000825000100009007500
020000080305000104700060009401000803600103005000070000030706010000000000900428006
008030010600070200010200003000804700450000096002507000300002080006040001090080400
508200704120000000000030200380400600000010000009003057005040000000000078604007305
301000400500860020000005006000906042000000000490302000600500000040089003005000609
069001570000070600400000020000010207082000910701060000070000003006050000094800150
900000200015706000400300705008600000640000051000003900801009004000107580004000009
000201070900070000002309400607000305050010020809000601005103700000090002030508000
003406200100000005000103000010060020600275009205040603000000000002000700004592100
060004000000200090204970000008400705040020080107006200000093607080002000000700050
018020350000106000004000900380000067900804001000070000000308000005702100030010090
051726380000304000043000670000901000009060500720000061060000010002103800007000200
000068001600300090002405030090000006003010200400000070040506700070009002300270000
600000003030000090090040020020307050000080000500020006402106305300205008900000002
100064020020000600000000904200130050010000090030086007602000000001000080080740003
200010008300685002006000500000090000700106005020703060057000980600070004030409050
098000620600000008000090000000010000000309000201050907046000270020104050300705004
008000200904502701000308000000486000700010004000020000309000508640000012001000600
000943000000807000500000003006030100050701030004508600020106040041000780800000002
300020005000050000060000020006090100210000049050000080004000900600408007007901300
021003800040000012800004003506080000000409000000010705700200008260000070004800230
000347000030000080001000900800402005200090006040050020004000200060809070080704050
047020000010036047006700503020000700750000086009000010502003100470250030000090250
001805400050000030086301750000060000010020060600904005540000071108000604002000500
030060900006900070000300864900006007403000608100700009317002000020007300008030050
005006080200030500080005001603010000020604010000070609400800020007020006030900400
703500009005300700012000365000106042000000000240907000567000230004003500100005406
070000080000002000950700200060001002120905076500200030002007091000100000040000060
075010300000020001300007090410200000003000600000006012040800005500060000007090430
200790004003201000000008090069000047100000009570000630010800000000506900600047003
003102000050300207100009300060000000008924100000000080009700001305008090000203500
270060038900403006004107900009501600000040000003000800010000090007000500000736000
008010300500000008070000010007102900002070500080503060600708009800030006005020800
080090100000108305170000000010204030400070008020306090000000043308502000007030050
090126070070040030001000600600597008100000007007000500000762000080000040700000009
004105200000000000900823004040000060030218070708000503000501000000000000025000940
000093002060000870000500010450008000001000900000200084080005000035000020900620000
006132800008000500000080000009305400270409018301000605060090050500020006003000900
000050200200000300000302081306090070900010006070080403630408000005000008008060000
000900305000700940009040800400100000601020503000006004005030100043001000908005000
050070090040205070300401005000903000009000100704000908020604010008000200000010000
007000400001402300800090002760040053039000840000903000006231700200080001000000000
009800204400000060003090000200080400900615002006040009000060800010000003804003100
420005006000008709080120000740050900008702600005090078000089060504200000800500017
000070800100503090006000035050007000027080460000400010610000200030804001005010000
702010405050040020004000600570000061000000000000807000400103006900070008806504203
020070008000000430000504002800000029090237060760000004900803000036000000100020070
200090004469000327000060000026000410008105600500000009002609700010000090090050040
700008000000007840000900023001700680002010300037002900680003000079800000000200008
000605200026300090500009030604000023000000000910000807080500009050003140001207000
009702100800000006102000905000346000000070000604000203700080004006904700000000000
000010800070640030300005000009050020540302019080090400000700002060031040003020000
030408020605701809410602035007000900200000008060000010100000007070843050002000600
000309000050060080407000603235000416000040000070010020000000000706080305008704200
000010704000000020467200090100020040020105060050070003040002975030000000509040000
000080460000040080840500002102700000080106050000008107500003029090070000023010000
003000000580070090600042501900000050000634000010000008207180003060090014000000700
020000050037000920008602400009000800840000097010509040900020004000368000000704000
070060230800020007106300900000040800410902063009030000002005401700010006051090020
007000000100300060050060403002008009700604005800500700905010020080003007000000900
600000009000309000080162070000804000030000080070090010405000307068040190000020000
007000600040020050150000079400000005085000360310207098068000940000604000000080000
300000709100700030050060108090208400000000000001906020406090010070002004908000005
705000106200030007301050208007000600000102000100604005500000002060000010000469000
700230096603007000000085010027000003506000901800000750060850000000700609370096005
000000143001023600900600070010800300009000400008005010020006001004230700167000000
030100400020000035900700000000401502000000000408506000000008004680000010004009070
300060002000050000004301800002903600010605080070000020700040006006000200520000018
080670000000002007006500800010204305200000004504806020001003500900700000000048090
000000006060570000209304700007000038300457009510000400001605204000082050900000000
050700130000090000047610009094006005000030000100900280400051890000060000039008050
600500007008076000005098610093000006061000890400000130036740500000830400800005001
009120460008006500000000000020700190900000002074009050000000000003500600057014800
050200900000098005910006000005700006260080091300009200000900072100830000006005080
670900000000760004209000000081040700960000081002080350000000206100027000000006078
080300500007489600000000000030010705205000108709050030000000000002691400004002050
003706100000000000160000024000010000009000300010805040031408250050000090206109803
006703800070600005000080009030000907005030200908000050300020000600001070001804600
000060010003005600000203098670000000500134006000000049790801000005300100010020000
007900800080700050405000301000080032000305000850010000906000405030008010008006700
006400280580090070400000006000305007060000020700601000800000004010030052095004100
509600000010003000030500104000000049300070005280000000601005030000400010000006408
016000370050000020000601000580000012061050780200080005008000200300020009000507000
000800200040900000620003040000040130002000900037090000050400023000006050008001000
400200008030500270060080000000906015007000600310802000000020090089001050700008006
000700100080060230210080000030006001007108400900500060000040017073050020005007000
000040000402106809050000010000907000600438002007000600070090020006000500200504007
005000700010000040000597000008403200000000000040981030800234009004000100030000050
000006078580701000003400000009100007040509020100003900000007500000805014710300000
394007000070000030206000009900208400080605010001709005400000107060000090000900354
041000520000000000002401900409050307000000000700080002200090005908705203004020800
080320000000000007620070400010003500902000104006900070004080069500000000000097040
010008003004000268600000100020004006090605030300800090009000007865000300700500040
007906200000070000020508090300000005600315004002000800010000080030020070090807040
026190047700500000000060029000280490000000000091076000910040000000005008530017960
005800000009067500080000076020080003040795060900030050210000030003140900000006100
000003874003000001700090005000420000045000180000038000400080002100000400982600000
009502030650000090002006001007025000100000005000380900700200300090000024020403500
000109000000070000009532100890000041002000600067080520004000900028090370000827000
700609005049000280200000001000203000060090030002168500007040600800050003000010000
004006300059003060300008057142000000000030000000000645520400001090300420008200500
040000080100304005200509007002000700000000000080251060701040809400020003020000070
000407000060205040010000020040609050003000200100000009200080005950000082004090100
700050096000006000020000705000004003307105609900800000809000030000400000630010007
060000570005000809000206001000900008006000700400002000700603000308000900054000030
000907000030518040500030009020674030040000070010000080700000003100000004050209060
209500000040021000030604100900000500708050401001000008003106070000270010000005604
003040800008060700050302010002000500070000090600403008010256030000030000000908000
300080007908000301010000050003204700000308000009705100780000035106050804000000000
013000750000638000020000040002701900700203001900050007305000104008000300000304000
600007000890002700100040090000006010009501300030400000050010003004800051000600004
030090010800600004007003500004908070900070003060201800002300900300009002010050060
090370060000804003030029500009000200700080009002000400001430020600207000070098040
300105009005604100040090060000000000809000405600902008000000000407010806506000704
006000300000602000502000107020000070100408002007905600001369400003050200000000000
190502078200000009004801500010000060300020007000905000500070006067000830800000005
090041000008002401050800000600200000903000608000007003000003010809500300000170060
000400200000079300469052000700920008010000030600031002000280715007590000005007000
060000020104000605520000074200509007050030060080602010030050080000816000000403000
000005400000000091058940300700594000001070600000613007005036720630000000009400000
500000004400109002802000701600000009040000070079000520004756300000248000000030000
006087400040002050700040003360000000509070604000000025100090006090700040007430100
