083020090000800100029300008000098700070000060006740000300006980002005000010030540
200050006010000090600801003007090600000703000900080002100000005060902010003060200
590000007040010083008034900001402000069000820000109300004670200980040030700000016
006000200900000004243000896000591000002080300400203001300000007000907000010408020
850000031000070000000809000003000600970301052000020000100407006205000307000080000
100605009000000000053010840000951000000060000002080600607000905300807002009000100
000030000560749083000802000000000000001608500090307040300090006070103050005000800
074800900001050004500000063000305008060070090900106000730000006800030200005004830
300090002020104000000300700603500080870000014010007605002001000000905020900030006
502070430000400050000020700400502073000010000970603001008050000010004000059030807
040062000900000020026300480000004870007000600052800000085001360030000008000530010
040280030010006007609070008000092000900000004000740000500020803400800010070035090
000600309306700010001004720900500000010000070000006001053900100070005804809007000
030004000000800020900026400100000050049050170060000003003740009020001000000500060
024600007006070000003800560000200800300000004002001000069002100000030600100006240
003010800900050006700040003000104000070000050090578020040000080107000905502090407
070090040140208037900010008080000090201040603400000001010000020000629000700080009
001000008709300001008701093000160050000000000080049000830402600900008205600000300
004070900700020008000000000003902500450000029090107080040000030006304200900080001
302090000080000000407056000030007069040601050670400030000360501000000090000010706
000003500036405070100000060610309040000040000020706038070000009060504380008100000
700040006000759000900801003000524000030000020400000007501000208080000010209000304
009103002000060830000004009008000020910050048050000700200600000096010000100207300
021408000004002730630090000000009043003000600450300000000060074046100500000804360
500007000200900800000000460020710005000506000600039040087000000005001009000800006
704000905010040070089050310000010000000708000300604001070000090032000450400030007
700000810040008200000206003000320900200804007003067000800602000009500080051000002
000208006900050800020000090037080000500040003000070680010000040009030002400507000
009107300704000908030000060078000530000308000400000009500409003800070005001000400
006100002080020000034805000307000040060000090040000103000601930000030050500008200
900000005004129600000605000040060020000708000780000063007000300020304080008050100
000080004709004530800000600000400700307906405005002000002000003038500109900030000
200003004004100000008060790500010020002406500010050003021030800000001300600800005
000028000027300860300000041000500700010000020003006000730000004048007690000980000
100700050000008300409060080600000090000307000010000002090020105003500000020006004
000693000064000380020000050001902700000507000030000090006070500070208060082060470
100009600200006009040000010500390480080605070092087001020000050700500008003900007
000109000108000509009532100300070004051000860002000700904000308063000420000000000
300600005029700060000093040007000054006030700280000600060310000090005120500009006
000908000006050300005000400100080007000501000090060080010020070040705030700406005
300600080069000000800049003000010300073020450001070000500280009000000830020004005
805000040006003001000890600000018050000207000020350000009036000400100900070000104
000503021000200450000040009600390870000000000092076003900030000084002000260704000
800600040040090607700300001009006302000201000208900500500003009903010080020009005
508000004090003060006000705020315000000708000000426070901000600040800050800000301
006704900000050000070613050002090500005000300030502060600107005900000007010040030
005000600080926040020050080092000160400090005000802000009000300040060050001509800
800030000030009002061080073002000090000706000070000500350010460400900020000070001
360075004000308006008060700740000090805000407090000053002030500500704000900250071
610000000040600500307009004003804001000050000400903600900400207008005030000000056
000500700095070006000002850100000907007010200908000005063800000700050640001004000
005010200300040007100309004006907300071000890000000000600080003030425060000000000
020460090410090026000002000004000005350000079700000600000600000290050068070023040
000701000054080001002006080000105030009000700020604000090200600200060340000907000
010000000308192000600480700700000906100000002904000008001074003000926107000000040
200000009300090008005603200070040050160000047500108006003060400000501000000000000
091600200706004000024800000045002000000518000000400320000006830000100502007005690
000000000001837400004902500040000090508000207200070006700000004030020010005060300
594060700000000000600100840000900008940030062100006000052007004000000000009040135
900340500000001000418000032000000310600050008073000000750000429000500000004072003
300600000470001000001070200000029600050703090009140000003060100000800065000004007
070604020000308000006050400000769000005000700090000040650000089407000601030506070
300100008090008310001700094000003650000000000043200000280004100039600080100005009
000702000007060400092000730010000020800107003004000500340000069020508070000000000
200067050000408270097000100050900300000000000004002060009000730031509000060730005
400200000020070560007006030200301070000000000090708002040900100019040020000003008
003070600054003070900040032010000000409030507000000080590020004040600250007050800
005000070160700080002800104000607430000020000076403000309008700010004098050000600
040050030090010060007304800060000020000603000400000006050908070706000409000020000
070200001580003002000070300010007800000000000009600040001090000400100056200005030
054001000030270004200000710000060008076000430900030000097000005800059070000600280
060030900007006002100700050080604700300090005006305020040007008700500600001040070
470080096000000000002954300000000000901205604700349002300706009107000205000000000
000040200000300605500802070800007000020506090000400007090701003201003000006050000
509070068000009300000408000001000036390000021620000400000905000008700000270080609
900000520016070000008003006060020000002306400000010090600200100000060240043000005
100060009003700600060004050005902010300000006020608500050300080006007900400050002
000005030210009008005130042001000007030000010900000600150062300600800075040900000
400900001030450090000021000003000085059000420740000300000570000070062050200009008
070000050108509704090000060003080200800000003904603508009807400040050080500030007
970000024000090000340000071009000200020109060000070000207080406001704800060203090
290000035007509100501000908004010300000807000003090200400000009070000060010706050
604003089800600100010020006500000010008000600070000002900040030001005008750800201
000061090506000103000000502300054000010326050000710006409000000103000709070290000
504020807700000003000703000008030900005090400000604000800302001020060050600080009
000103000000469000400070001083000240500802009090000050020090010800604005006521800
020509040100070008007000500200604001060000090300105006004000300900060004030201070
061000000240070000000609030036008000004702300000400680010206000000090027000000150
400003009050607080000590000120000890003000100097000024000068000030905070900400005
004302800600080004300000009000000000030564070040708060050000090200040003000871000
001083070600004300090000001980050000700108002000030087500000030003500009060370100
074018030800600000100009000000000064080701020230000000000500001000007008010860790
850600000009230000000000305004900070010000090020006400408000000000053100000004039
009460080500000016000007000300280700020040090004036008000600000980000002010028400
000901000008060100030000060050000010200000003607010509400070005000000000096050420
010000830004375100000009000800004200040000090007200005000900000001648700038000010
040000000700004068896000004210068400000010000007340081600000295150200006000000070
900040007000070000360000018026090830100000009000406000000000000704000205000857000
090054020160008035000100000370000200200000001005000083000001000930200018010830050
003026090500000600000000204000063800900508003008790000102000000005000006060410300
030000000106500700000300049400700010501000902070002008250003000007009604000000030
030700100060090074407800300000070402020901050703020000006008209340050080002007040
000010000060040201000009064090003500807090406004600090140300000905060020000050000
502000109060000030008305700000406000070812060600000008410000083000000000300050001
059020000000080560680001200000300006040060020100008000004800057038090000000050480
502400003001060000003805492006030701020109040104020900438901200000040300200003104
000000000406708302000201000600080003080502060047060580390000047020000030005030800
000170400000009017000048090090000008410000059600000030070980000120500000004027000
800000601065100080200004050009201070000050000080903200050300002010005790602000003
000087905000001040080540070000302800500010007003704000070025090040100000302490000
080700020600000040002601709004006038300508002820100400908407200010000004040002060
300400000007030040080005000400053001020010050800270003000500020030090800000001007
340801079800000005050070060003000600000000000970000054000905000004318500500704002
050060090004803500000715000305000201000309000400020003028000130009000600500000008
400100007050090010006050400000010008043805260700030000002060800090080070300001005
000051400001020090070006050240000305100000007507000084010500040090060800002310000
926500004030002076000000003090040005000908000200010060400000000680400090700003148
700809000002005093090030000461000800000000000003000561000040050840900300000207006
009004070000010405000205000006000023800902001920000800000407000408090000030500100
000065200060030070072001030900000014000309000750000003010500390080070060005690000
100400700050009010004030008000005107060000020901200000200060800030500040006004009
008700300020960000401008900030000209000609000904000070002800601000015040003006800
006009400007368200200000000700090500040050030009040007000000008001536700004200600
003105900200000004080020050000000000008907100410060089000070000000602000051090260
000002007097080001030001960300060000000504000000010005083100070900030210200900000
000060087800020050750800000080500009004000700100004060000008013060030004230050000
020809010003020400010060050070501030004080200000000000300706005100000003040000090
000204000300869001000000000564000123002000800700040005800105009050000080000020000
005040060700000200094000008000837400800090006002164000500000930001000002030080600
090000070820000904000640000160000085000706000940000026000098000706000092080000040
060200100001040003700903080005000308080060070409000200040106007500020800006007030
700000000082900003096000800900580106007060400605024008009000350200005640000000002
004010350100070900850900001000000800280000063007000000700008049008050002025040700
010009060008030000930502000500000700203000608004000001000603085000090300050800020
950700030007804002000000700820000006000102000600000057004000000700603400030007029
640300002009002006000069010035000008006070500400000160060590000500600200300007045
405100008003005600160300000006000080509070203080000100000001059001800300900003402
708502009090000020002000407500107002000000000400806005804000200070000050200904108
406001805050000030200000006800605000000020000000108003500000009030000010902800604
700240500009050060053000070060800400070030090005004080010000920030010800008062007
006401500300509001000030000205000703030040020670000058060907080000050000002304900
890000047006000500050020010000807000730060089020010070000050000500604002000981000
000570300090030007000409006002000040400207008080000900300908000500010020001056000
900200000008003027002040000001700003300902008800005600000020100730400200000009005
060000040800050009305000207001030900000786000020000030002401500000308000430000021
000004060873690024000800009007000030200000007040000500400002000790048213030100000
010957030000328000090000080000000000060201040005030100600040003020809070009000200
400070001070508030008000700003109400500204009000080000300701002042000610001000900
000070000001308700005401800000000000602000309010080050050040020030000080006523400
009401200200060001041000960003070100000000000000594000002307600106000702050602080
070090000001008005008500670080060700900804006003010020016007500700300800000040010
001080900060000080500000006300601007400207001010030090002070500670020018009000200
000010000400070003000385000048201760206000804070000020050000090900000008703050602
900500007040060090003009500005000001060000080200000700006700100090020060800003004
006502700200908004000030000000481000008070300700000005060307090001000500080050070
070400960204000007600501040007000609000080000905000100090603004100000706068007090
000806002900000400030000601060020008400709006300060070809000040001000007600407000
500008006002009700760400003000023000010000090000960000100007068004800200300200001
800065900004000070200409001000050009002903500600010000400607003030000200001530006
003001008010900250040000079000400500000176000002005000780000090031009040600800300
040860000009002500620530000150000200090000050003000048000025073002100900000098010
361080495000306000000000000050070080200090001009801300020000060035000170900000002
002010800400000005700509006084605170000000000209108304020000090000050000001207600
712500609000710002500006004005000078040000090170000400900400007400098000201007943
001070000060000320029006107006582000100604002000713400903100260072000010000020700
000408000041000820000050000050000030020137040800000009900060005005903600002000400
600900007093000000005460032000700001006832400200004000470029800000000710300007009
500340082600001400040005000024000008300000009800000310000700020001500004760018005
090163050020000090001809400000000000608010503200706008080000010070205080500000009
080003070306008000700900800900041000004000100000870002003005009000200501070100060
100020009600000008300508001008403700000000000000080000070090020030607090940000017
020900000009003050007046002084000001700050003600000290900160700070200400000009030
000004097006000504540007820050300702000605000708002050085400071407000200320700000
030000000080960053006020800000501030067000520040206000008090300620017040000000070
004000800069000450083000270040576010000020000010408020007050600400000007600307005
500090003200541009000602000070050060005109800000000000800010002000803000700406005
500000009760000052004000300080010060000709000600000001050000080400502007030070010
105000200020300000009008004040100560500080001031004090200600800000007020006000409
500270019609008700070000030080000003300020001100000070040000060001900304960054007
090010042070000600400006870004000130900050006023000700059600004002000060630020050
001406700040000020007000900000030000290000075004852600300704006005000100060000080
300905008080010060020608030000000000001000700204763501000050000509000602000209000
000040000009706100010090060100000004060000020283000657000108000608050309000020000
402907605060040090030000020083000950000000000000638000000804000005000200098506340
000900010100080700047001800008040001060308040400060500005100420001020009090003000
000053900430000000007000100500804010200509004010307006005000800000000053006930000
300070004001204800040300010010000470700000005056000080090001030003706500400030007
008010000300000070700280400030006000900805002000900040001043006040000008000090700
000070600980000050000003802300080510056000240019050007208100000030000025005060000
000100090700950002030024700500000000042030560000000004009260030300089006080007000
002030600007205100530608042700060005000809000010000060005020300300000001000396000
007809500500000008080070090001604700902103806005000900000701000050040060000060000
710060030000000020003000701400605000070324010000108006908000300060000000020040068
009030800000000000005807300300906002010000060920405031007000100000050000080201050
005201804000450010040000200050000009200090007900000080008000090010065000604903700
000002800400001023020090070003005200070000030008200900060070090390500001001300000
540096008008500009000800020200000960900000007086000003010009000800002400300180095
001030400040806050900004008098000070600000005070000820400200007010709040007050900
500010000008000605029500010003086000000907000000130800080004120904000300000060007
060010000005000003300090870006002004034000250500400700097060002600000100000080090
030004010700600000000070209500000826000030000196000003609050000000007004020100050
001000600203000705070060020000902000300080002008104900002010800005020400900000007
050000040200000008040090070002715300003020900000080000600070005000102000001509400
000000482704850906800000050500001007000000000900700004090000005207094308168000000
070600900000000070030010504080760009700040006200091080506030090040000000001008040
090040000002007005400035008760500000200080003000004016800160007100300500000050020
003000800400090005000201000300000002048000650007040900004608500070020010900050008
000085400000610000708002300906000040120000056050000103002700608000026000005190000
010002800400000070008030050006070004027000680800060500080040300050000009009500060
000300000810004000600050074209000043007090500350000209940070006000400057000006000
800106002000070000004903100700000009050000040308000701010060090073080620000409000
000006000050870090007250800500000180063000940021000007005021700010093050000500000
700400009008000200000053000480930600005000400006074015000310000009000300500006004
019500030073480500000000070008006050100000007050900300030000000001093840040005920
030089005002003000500040000000005690450000071076100000000060003000300200700890050
010080030005000100000501000020368050034000280900204007000040000072000690800090004
000060047008050130500100000060000004002030700100000090000004001045080200380070000
500001043001070020000200000000008530005010200067500000000009000050020800470600001
040590200020001035800000000080010003600302004300040090000000002260700050005028070
700090000300002807006700092930000000080206030000000084650009700108500009000020005
030050400800090001002006500013000000000465000000000750006200800200030009001080040
000930000760002004000400510007000650400060008029000400071004000500100089000095000
059030870760000045000605000000801000004723500000090000000908000900000001601000402
800010007020000040000503000030107080009602300600050001005030800001405900000000000
000000000070060020000174000300705006040030050005201800960000085030050070002000900
000000000530209076000706000700000004040502080150030069460895032800020005000000000
900700084100800900080005000004908071000000000710506800000600020002003007350007008
600000008070000040320809016007080400090020050000701000080305060410000095000090000
004000200080000010200000003007135800400706001000090000870060059050010060600070002
010600000602015090750000300065004081000000000840200760006000079090480605000006040
059000630610000029800060004900305006000709000000040000000020000560000072004806300
018090570907000803500703009001030600000502000080000010000000000079000450106000908
000040000650201047000709000900000008000060000020104090005000800810305026700806001
005201800090006010100300007840000502000000000501000093700005008050100020009408100
001002000008710000276940000304000500090105040002000709000097851000058400000400600
000000000008107500300060004005000700900204001100309008009805300850040062000000000
100480003000200900040093000006000032902000708580000400000340070005006000700029001
090003010503070006000504090201000900050000070009000205030807000900020304060400050
000000000784000692006080100950000013000903000060000080520804076800070005000020000
050000600007080004802500930000802500010000060009104000048003205900010300003000010
001700580700005021000210000096000004007080600300000290000073000670100008049008700
000090000050604090700030005070908050900201008002000900690000017003000200000060000
005070000674009000000205090007004801040000030501800700010602000000900275000040600
000000000080509030007000500005702100000306000023040650100873009900000004060000010
400305001007010600080060070000609000008427300600000005800000004120000087000080000
200000007301009000005108000900200010080597020050001008000802500000900402800000009
700009053590000010004500900800463700000702000002985004008004200030000045460200009
008003090000000865019008000004020100600304002002050900000800450136000000040200600
048532190000000000009000400006901300090000020700000005060195080004203500050040030
000301000600000007010080090570020063080506010009000400006703900090468070040000030
300000500004000316051400709000047005000163000100520000805002940423000800007000002
400000073802007000001000650090703000000060000000104080015000400000500906630000005
006300000000720600020009005007806023080000050360502100800400010004087000000003800
200005004060004080008020100130208000002000300000301029009010400070400060600900005
008090600000501000010080030305000702076000390900000008030607050000000000080040020
200060908007400000801023540002000080608050104070000600086310409000009800109040003
300000006094010520800000004030709040005060100000104000780903051013000970000000000
900600005020008340050000000090020001000306000600080020000000080068200050700001002
300000007000400100054207600001549370000708000076132900007604230003005000600000009
800003000030060028059008030007600000520000079000009200090500860760010050000800002
006900702050000900708002000500008300000010000002300004000400107005000090809007500
940310002302509000001000030000090700000745000006030000010000300000103805500082014
870506023060218040000000000030401060900000001018000350100000004000704000003020600
000600518001500007000430000007000006000709000400000200000046000500008900826003000
000000080900046700062050000100905002007000900500408007000090470009360001010000000
002000000080070009009300710000420030500000006060035000037001900600080040000000200
000010000005607200700000006000080000003506100900040007060000010002304900090128030
010703050082050310004000700600504003500000001001060900060000080009102500000090000
189000003030001047006000109050080000000417000000020030305000800710500090200000375
000803000040000090702904805900070006013000570200000008000080000609000701005706200
090602080000903000030080040018000960009106800000000000004000300300579004025000190
000809000900060005060020090043000710000106000500080009004000900309000507720050081
000000260107006003000080400300200090070000020090001006004070000900400801023000000
003005200092060050500300048200000400070090030008000005150004003080070510004100800
900200701001070900000019050500000200026090570004000008030460000007020300409003007
200908013100020000000604000507000402020000080803000605000207000000090008390801006
003700040000090070490800005008000090300967008050000400600004039020030000030008700
100000700000000090907004003030650200200401007004027030800200504060000000005000008
300000009008000200000798000000000000030209070500843002000104000200907006170080034
080020000040800367010403000003000150200000006096000200000307010764001030000060070
000837000400000003090504010000000000089060520007402800700080002001000300060040090
300000004000000000067000810005203900020060070900000006000402000800609001009080700
630700000500004000007680300490005100000000000006900087005047800000800001000003064
700305009500000004000906000040000020070104050016000340000807000050000080004030100
980000400050037002002000006000004108000050000207300000300000500400820090006000087
009002040052800300010030050008090600600000004005060100070080060003001720090300400
800402006000600200090070000900000067005000400240000003000050080003001000500903004
002000090500100306400200180000510000020070060000062000076005002204001003080000500
000609451001700800008001006000800930000000000064007000100400200002008100946103000
002070000100002000708500001050300002009010600200007010800004306000800004000090100
000104000400705003005609100300000009060000020050000030020403010901000305070060040
081902670000000000700080001000010000002030700004608500405000107020040030010000060
075009010000810020800005000006000470180000095037000200000500006010098000050600140
450000700000000016700080900000400800005679400004005000007030004340000000006000071
003600090090000800806030005000005200520040036004200000300070509009000010070004300
300000002960000017008050600700902004500040006010000090000000000806090301000823000
902008063103000000000300091300020900000803000008060002540007000000000704890500106
301040080920800000000003070035010000000000000000080260050400000000007046010020903
106000208080215090000408000000706000400090006007000900800309002269080435000050000
250010046800005002000900000040030600600501004008060010000002000400300007320070065
