000000000560000032230040079000060000070501090000708000053000920009806500700000004
000310000060097040001420300030000502786000139502000060003059700020680010000074000
076009400000801007300000009610307080000090000020108034500000006900204000001600790
103070002000000040090005001020100503007000200405002060200800030050000000800020709
031006009000040060008007300184070020000000000090020148005800400040060000300500780
070000010000040000600208009860000091300106007002000300000070000050804030906305702
520010007080040032007500100000000700410060059002000000009006200360070080200050043
000000407702000090059700030000186002004090600300254000030001920090000704801000000
040607080100050004003104200006803100000000000480070053020000010507000908000030000
608000301700050002040000050200608004105020708000070000000000000810000079070103080
000030600040800901006700005083000200600040008005000490900005800501008030004090000
000000000007010200800603001005908300000040000020000050001762500500000008060000020
078040600600000590500610000000000009019402350200000000000038005065000003003090480
007000500000080000900070001025108930003000600009000200000503000700000006010207040
000000000012080450005206700004801200000000000290050068800000002000379000063000970
000080000002000500000702000500000003036000740900000002300801007008040900095030680
050600090800051020006002030300007000041000270000100009080400700090280005010005080
010700000406020000902105000048090000601000507000050840000503702000070906000006050
090602005080100000004050000000000082060403050950000000000070100000005060600908030
040901050600000001150000027004708500071000230003000600000216000000803000010070060
000905100140020005002006000006000002400802009800000400000500700700080054009204000
310500000600008004004007090002000010500070002080000300060800900400700005000001073
008020900600000005500901002001070500072000690300000007000407000010503020050010080
000080000010506030000473000000000000402000603038040790043000960500000008800102007
100073206007010000203005710405000000730000058000000304021300805000090400304560002
700821006009000500800000007100000004040080090070502010060000030000219000000603000
000000000007195200400000005069000830000080000700203001300709006004020100076030980
900500302050000070000034001000006710300020006081300000700140000040000090209005008
050030070007000800604207509000000000070506040502809703006000200005090400720000096
000040000020609010006308700050090020008000300930000074080502040043000260500000003
002805000030064720060020009320000008016000370900000062400010050051480090000506400
021500000000083020006000800000800001038000450700006000002000500050620000000001730
200034007080090000100000509092800000500000008000003160608000001000060050900270006
605080024400010700030000006000496000890107045000852000900000080001040002240070509
000002901000100050006080040078940100000000000009023580030050800090007000805300000
001000700923000841080000030500000002000106000010902060000208000702000905040507010
806020730025900060000030000001702000400000001000405200000060000010009620067050408
001002008870100000300800560000000090090435010080000000046007009000006052200500600
000401000006000400050020070090108020800000006000607000009856300430010065000000000
000030000050408060000701000002000600500090004000386000120000078007000200804102905
908257604000906000063010250030090060009060400005348700070000080004000300000000000
060003000008070001000820706300004008607000204500900003104095000800010400000300010
000000000020406030090573020081000750000748000607000208800000002000030000069000180
025000170000503000300010005008000400007000200400762008000936000000040000706000804
200081009080700020001500800600000790500000008039000002007006500090003040300840001
048600100200901508090000030000700000005216800000008000030000020109407006006003950
001500020000100605080096000073008000002751400000300270000910060107002000020004300
005083040600900000000014002501000080809000401060000209700140000000002004040570800
080900000051004087000380050010000802004000900508000010090048000170600490000002030
090800600007040005400063070008000009059000340700000800070150003900070200005006090
001000700095080630030000080003956800004801200000000000010000020009402300400060007
000600000080059160014200300070000601020000090306000070002006510058920040000005000
000000637200010000075008000060009405904050306503800090000100570000080003659000000
301000900040000020600870100500304000002000300000206005007089006050000080006000701
500800001000004000004612300035000608002000500608000190006125900000300000100008002
000506000000010000180473065000107000800060002300080004000000000690701083005948700
250008703008000000009067000000023001003000400600710000000980200000000800702300059
200007108007090400860105070608000700070000090002000601020709064006010900309800007
900200006003080000006905320008000102050070030204000600069508700000040200800003005
005900000010804700900000001500300400203000805001005007100000004002708060000009200
400008062500027800060500000380000100020000090005000073000003080006750009730900005
026030190100060002800000003030407010000000000008309600060020040005000900970000081
060000000000071006009602700027040500040103020008020910001208300300590000000000080
300006000050009002900240003601002000020050010000100907500094008800500030000800009
008090700040207080210000096000306000000050000300070008003148900701000605002000800
009530201001000000053010000200100030035040120090008004000090340000000600306057900
605900003000030700040260001000000108082000530501000000100059040004020000700003209
000705800140283000000000002010000024420030087760000050500000000000572063004809000
000753020050000000003002001300600200097010630006007008500800100000000080030241000
050000400000060103463001900006907000090040070000203600004500798809010000005000040
100300760075000000380500009001003004040000070800900100500009012000000490094002003
000700408050000027070900030000004670500080001067200000020003010310000040605002000
604900038200047000000300006020000607060010090408000050100006000000270001730004805
200840005000100009059200001007600040000090000030004100300002580900007000800063002
500801003020003050000052089107000034000000000380000507230180000070600010600305002
300000050040600070507038600009000001053000960600000800005890702030005080090000006
502000807090070010000812000000943000039000720080000040008429100000000000970000054
000000890000060003300000671020580360000901000074026080496000007800030000035000000
000016900000305068600000000051020006007904100300060740000000009840609000002850000
040002000100009307050078000005000030001040200090000400000280090607300002000600010
100060005036051070000300010050937400410506087007814050060005000090670540500090002
000604100017000020200070050500903001001000900300706002020060005040000230003208000
000200906000007520001400780000700400060080050007002000012004600035100000908003000
310602089000090000600000003402000501180040062030205090000000000820509046000168000
002000100415000638700000004600050009080030070007901800000020000308070405000403000
050690308006000010200700000000060900072050860004080000000002007010000600907046080
053100060000007008400060000020500800609000703007003020000080005200700000090006140
000000000020405010800090007900607003076000250001030700250010078060070040000000000
308061009006000300040500076500080600600305004003010002190007060005000700800690105
000000893560000004080001605000003240200070008046900000407600010600000089852000000
700200006004705080000034000009000004375000821800000600000410000060502100400008007
004500700020800060060071400000000006006417200300000000007130090080006050003004100
000067100070000000390800507600400000053080620000006009105003098000000010002790000
050003070130400062002000100700060030000501000090080001005000300840006027060800010
050102060000070000601050702002060800060809050900507004040000070005406300000080000
000701000910000045300020001204105309000060000005000400080030020070249050020000090
005238600000000000100000008080040020600000007023000180000904000904000805302805901
300009002040076080001800600690000800030000010008000037003005400010630050500700008
037000002000304001900020060010005003003000100600100090040050009300806000200000640
009060800000010000500802006070000030000000000030407060300000002120703048005080100
003200100080001020200030005020309004004000300600407080400070009010800030008006700
000002003004810090090000000045090010001000600060020740000000050050047100200100000
500000006000017000008450190007000080401000305030000700074035800000140000600000001
058000930000060000430080025080070060005106200096000140060507080000000000070040050
240900001005074009000000080010020005030405060800010040020000000700340500400002078
040803090900000008008406100060020080204000307000000000400187005605000701000305000
340002008002000900008030270104009000500020009000600507039070600001000700700900031
040000090000050000806000407000080000005020700002165900007603500609070302000000000
072501460000000000100407009800000005067105940009020600008000300000908000040000070
005003040100020300090060005500208000072000830000407002200040010003070006060100200
000580060700001400048000100070010009900207001200090080003000570002700003060059000
000470900014030020900002040007000005350000084100000600080100009070090850002047000
800060009096000170000705000920000017000000000041208390080040050004503900000627000
000047800800950260001000005010000900704060501003000070500000100079018006006590000
304600009020580004006000002007060030600000008090040600900000200400016050700008406
300050206290300000006040000000290067002030100480017000000020600000005074908070003
050090016000000200014072000000000083026000750470000000000320940002000000980010020
005070900060090020100000008400907002006000800002138600000000000200000004580604019
082400003907005000010027000000009062090000050260800000000170020000900704800006130
007600050300590000600003010006007000034105790000200600010900007000012009040006500
080910000004000010065700203700800030000050000030007002609003820020000300000049050
010500002000600004080027005000000061002090700190000000900780010400003000800001050
000000004920000803000589000061040000800602007000070960000754000309000075100000000
000000000750301029020604080200050004013000560008000900090000030000908000180507096
106450082200000400040007005007501008800040009500908100400300060003000004690074203
902070000030200000804000600410007000006102800000800017003000709000003080000040106
000304000380501094000070000000000000903040705060000030040806070600957008050010060
016020850090307060000105000059000610103000402000000000500000001004706300030000080
000200708000070050900001030000007200160805047002100000090700001080040000506003000
200700854600580000100090000000000072028000160970000000000050001000038006863007005
600507002000040000207000104060108040000000000031000580003000400700090003109302608
000005040810600050003210800700000930002050100031000008008092600020003085060100000
300009082750803060000026000821000030007000200030000916000670000070302095240500001
507000006040165000620000000000501064010000050250803000000000045000758030100000709
090506043020000150000008006005300000000905000000001700600800000053000090270409060
890010006050000040206007500607080000000605000000070109009100603060000020500090014
020800005754000068000001000007024080002000900010370600000700000970000813600008020
480900072109000608070000010000507006000020000600401000040000030903000504850009061
516000030090030006070009000004900210000000000083001500000700020800090070050000981
004020730230500040600000005000302010300040002040607000900000007020004091016030500
401007009000029800090300001710000500030040070006000082100008090009570000300400608
800007100000290000060000027408502000270060084000108702380000060000024000002600005
004007803301000700790030000500003000007405200000100004000080047002000608408300100
060000080900000002007000400080461090500000003001090200050608030004905800000274000
000000061003000570659000300004602090060090020030408700006000215085000900420000000
420105067700000002008000300590030048061000230000000000005642800000000000300809001
600010003090500080007003600003406020900000007020905800002100900060002010800050002
000070400090500620213400500000000170700000008089000000002003945034006010008020000
010000003409310000200000190060008000005070600000100070057000002000082407100000030
900000001000208000210000036064709280090000010000000000000040000002501900540090072
016402530703000802000030000060020090290000085800501004100000009000040000000859000
200059008000802600080100050490000107000000000807000094030006080006901000100730006
300207009000861000008030600000406000209000305400050006002305900000010000080000070
000001602008200000500039400056000021000060000890000370003420009000006100607100000
001034025005000007006000130000082009000406000900510000062000500300000900540820700
089070000600000030004096020001300005070000090500002100040680500090000004000020970
016000930700000008000312000023806170050409080000020000008000700040000060075080420
000015046400070500000400000340700050071000320090002074000009000009020001830140000
960708000780000090100090008000600012040010070510007000400020009090000056000309027
006000400710400850900800000240709000008000900000506024000008009029005081001000700
006040050700006200030280006050000100304000708008000020400073060003500002090060800
030070900700060003408000007000100850000905000085006000200000105300050002007020030
010305090070080030005070100007000300001000200500904006090862070000090000050000010
052070690000000000800506004007060800600294005000000000901000408006401900700000003
007830090300007000000009002053060001900103008800090630500900000000500007060024500
007009000060010270030600009600000100050080090008000007800005030075040020000200600
108000405307080206000000000000302000009000300280010047800906004010070050090000020
000403900080010070401000500700501009090070040300904002005000204040050080003806000
000807000500106007007090300003060900075000840009401600030000060000903000050080010
005000600012000380060030090090658020006000900801000703000921000100080005000503000
000706090070000002000013740500609004004000600300401007056390000400000060090208000
650000020008107036020000000000700809000030000906008000000000010310504900070000064
000004070280061950010230000690000700045000390002000085000072060027410039060900000
002000600090407030003020800400603007001000200030080050007050900000906000050030040
000090002009045800700200000003900008090301050500007600000002009004530100200070000
050306020400901003000000000000000000600873002090060080060030040007000500014080360
702009804000000100360800002500408300000050000007203001100005083006000000208700409
005403100080106020100000003020000010850902074790040032000801000000070000010305040
005030700010207060700000009000000000080040010200609005103000908500000006097050320
097030001003002600860900000075001000000000000000800240000009052001500900400060130
000710006000083904300000200715040003000000000600070192001000007406120000200068000
508000000910002006000000250009050000250703049000040700045000000300900072000000403
200600007037000460010300090000907508000060000902503000070002080029000670800006009
000080000020405070006000400700203004030809050005000300003000200501040907900060001
000010000800507004430906017003000700600070008020851090050060020200000003040000060
800006204052000080400900070700060500000209000001070002070001009080000460906400008
000489000700000005090000020007030900300000002060020030930000054052000860004060300
007030100800000005900402003160000058009507600040000020000020000300605009000703000
070480000400700000002000704908300040020070060010008903203000500000009008000045030
001000700003000400090802030307000901000060000500080003030596070000108000002403600
050000400090500062600087000004070090007429800060010200000190005830004020005000040
000804000820000053400000009090070010700010002001000500060501040009602100040000020
000700500300001090098060030100900000030504080000006005050090420080600003004005000
805400000000005307060007000000000035106020904930000000000800040201500000000009601
000163000080509060007080300410000039030000010008000700906000504020050070003000100
030612070000804000000050000010905020006070100000000000304060701500708004200000003
100480005000010000005002300002070004890306051500020800004600100000030000300054009
005800040900046000000075009031608005086000490200401360800510000000280007010003500
020409070000000000008070100400050002710000036000000000809000604001020700000304000
000007100049080026000000003130002405900105008208400017400000000590020830001700000
001000500000010000080903010208000103070000060300060008010236050090070040002409600
000050000500600000006901080790080201320000098801090075010305600000006002000010000
064000300010003675370000008040582000000401000000967030400000083137800090008000750
057601340000000000100907002000000000900010006020405070064090130000040000790000084
030000090905000301800030004709000508000865000500040003100403006000000000054701230
380000002020006000001004003690000300240901075008000096900200700000700030400000029
900010025103000000500378006000860047000105000630047000700486002000000709320050004
008400060500903800010000003020090054000732000890040010900000030001207009080009700
300056007000200300056010400500000080702000903060000001008070130007004000100360009
740005000010700430050010709004003008080109040300800100406050080031008070000400061
800200100200040000710008000050900700600507004003002050000800045000020008004009006
020001007000000950007360000203900780008102500049007301000023400082000000400800070
020000040609000703450000028300108009200607004000502000000000000042080690006274800
000005900020800050004790000079008020100302008080900560000034200060009010001500000
000100530600003000100520000050030809002809700901050040000095004000200003017006000
000000607900200010060401908030069000700000003000710040502107080070004002308000000
000605000000941000000030000100000007600020004090060010020050030034802960009000200
150007000076400000004005090002008107000709000307100600060900400000004260000500031
005000600960030012004000300020408030040593020008060500000907000100020007000106000
300000002190000047000105000000601000000753000600020003007509400053000810900804005
000000000160702054002401300059806140008905600310000095000000000600508007020070060
820760500600000001009034070000390000006000200000016000060940100400000005001027043
080700001000069850000005002070090003302000109900050070100400000048970000700003020
950200034740005068000700000090000506000000000107000020000006000430900012670002093
008600010200001900040508003031000406000000000604000890400706080006200007050009300
052008600400605070000090000600000920029000450043000006000060000030807001008400290
490000018000020000000409000005000900900805002108000603209000701000302000080060090
018020030200700006000001007005802070800000003090407800300900000400008002080010460
170000002000100050009008170605030098040000010320010605051600900080002000700000026
069040050400562007000000004090204080280000073070305020300000000900123008020090130
000940217007800000050170008608000000070000030000000105700083040000009600246017000
010960000076100040000007006032000704700030008504000620100700000080002470000059080
007090304056080000009073020010000000000527000000000090060710800000060740208050100
000700000030005068001800509007006043000000000980300100802007400140600050000004000
000000000600020009085901430509000604061000380000000000300892005000000000008736200
060000020000010063502003001000300050014080370030006000100900706250040000040000010
080304000045020370002000000700090500010040020004080001000000700079030410000806050
000705000000000000070619030306000908000203000010000020090000010107050604400108005
002100000410950000000003004005002086204000703380700200800500000000084069000006300
006090500098000260000302000000106000604020305002000700080000050000604000009538400
300000000047300000020945070000100047008506200510004000060459080000008910000000006
602000730001070902007000005000005040063040250020600000900000300305010600016000504
000308070300510000004020500200000098091000750570000002003060100000051007050804000
006018000001200640097000080030000106000501000405000070050000860073004900000780400
070016000060007045003009100214000000600000002000000914005300400840900050000560090
006839200000020000020406030000000000070201090203060107007000900390010065005000800
000916050240800000016000000035090001001000400600080930000000160000001043070639000
008400500050080070430020018070043000001000900000190020560010084010030060004007100
001604000802000003500020070000002016009070300280300000050040007600000809000506400
300002007040005080005130900930000200002000800007000049003046700050900030600200008
000000000040801070803209504610504093002090600000683000000000000096702830700060002
000000200014087030200406010023000600070000090009000370040801005080950140002000000
300290008002800957008700004600000000030010040000000003700009400815006300900073005
015007900000150002300008004506000070090000050070000803600400007700083000003900140
020703050701060209000000000200806001090000020007000900042000590000605000080409070
090800000000036009007902100023000507070080010604000980005108200200360000000009050
007600009030000750000700104300001600080309070002500008803007000094000060700006200
400500008038009610070000090040807003000010000300402050050000080064900720700004009
040907000120000074560001000000005032004030800230600000000800045890000013000106080
810400009050700041009080600000000035004000900570000000001090200360002090900004067
002030600000100300870002009008060030400703002030090500700500083005006000009020700
670000045050384070008000300200000003800090001000102000007000600004060500000205000
003000010100008700020190004030705400001000800009602050700049030004300007090000600
000003600001700200809600070200090000004000500000020004040001308006008100005400000
008009010100305000000810003810000290006000400074000058200073000000204009060900500
009800460840070020600400008000060104030204050405010000500003002090050076087009500
500900002060000053010300900800749000004060700000518004001004090640000020900005006
001700090408100000002000185000507032000000000720406000654000900000002306080004700
600100900410003005000040010000060573000000000578090000020080000700400062004005007
500602001060807030008000200007000400010000080800491007005000600080000020602030105
300000007001608500000000000040203090000080000000461000020090040980030072700806001
090270600020000850000000007356700002000060000800001546100000000034000060002096070
008060400005010200600000001082000540000608000003000800700901004020304090300000002
180000039000715000005000700500000007804209305020000090008173400003604900000090000
020030800008059006600100030090000200260040098004000060080003002500270300002060050
100060009000203000000704000401080907000000000290000081602000104800602003003501800
050000630600093004900008000026030000090675020000040960000100006500720001089000040
900000004400107005000429000050000090060815070000702000000070000003000600210030057
205300000000010000090080204130004050006907100070100049503070010000090000000001406
800060009590000072000207000030475060005000200060000040200000003000309000019000820
500010007000000000069080130080309040000050000320000059040090080010000020000764000
000102080720080460010006000206000008090000010800000605000900050045030029060701000
000004076006050100090000300500300009030507020800006005008000060007040800210600000
000200070700050904500006000009002400140000098006400300000500009308010002020009000
000001204006000030402380000540090302008000900603070041000035407030000100205800000
300702005000000000065000420200000006050000080009204300500308001008050700000921000
008000500700240000040010067520003008000501000100700052380050040000092005005000600
700005801002084000600000090120308000080050070000401082060000008000140300207800005
230100086700060401010089000004000003073000250500000100000840020807050004340002065
000763009076000200003040000000000010067209450020000000000090300004000590900658000
005608900200000006041000230000060000000901000500207003006090500080406010900000007
002907500000000000000864000203000104700509006040000090000000000060090030430010085
017260040000000060900500700700026004400803007300470002005002006070000000080035970
000104000160000024050020030000647000048000750001305900002508300000060000580000079
090010060070000080001875300009050600700691008010000030004000100000403000020000040
946080000001007000500060200003290000014000630000031400002010003000700900000020715
000000000008912600023000480500000004016080390030000060600803007000020000071405920
000000000070030040105000209540000036000070000092403180050802070800000001000341000
020300100000000008904020500000287005005901700400536000007060401200000000003009080
120407089006102400800000001010000060000000000007090300700000005040508010000376000
